{
    "camera_angle_x": 0.9551765322685242,
    "fl_x": 463.7239685058594,
    "fl_y": 453.9779968261719,
    "cx": 238.34109497070312,
    "cy": 417.9903869628906,
    "w": 480,
    "h": 848,
    "frames": [
        {
            "file_path": "images/frame_000001.jpg",
            "transform_matrix": [
                [
                    0.9886932373046875,
                    0.024326175451278687,
                    0.14796623587608337,
                    0.05671802535653114
                ],
                [
                    0.14934766292572021,
                    -0.07119999080896378,
                    -0.9862180352210999,
                    -8.78384780883789
                ],
                [
                    -0.013455714099109173,
                    0.9971654415130615,
                    -0.07402800023555756,
                    -0.033333439379930496
                ],
                [
                    0.0,
                    0.0,
                    0.0,
                    1.0
                ]
            ]
        },
        {
            "file_path": "images/frame_000002.jpg",
            "transform_matrix": [
                [
                    0.9872875809669495,
                    0.03292890638113022,
                    0.15549586713314056,
                    0.08275620639324188
                ],
                [
                    0.15749159455299377,
                    -0.07070624083280563,
                    -0.9849858283996582,
                    -8.779472351074219
                ],
                [
                    -0.021439973264932632,
                    0.9969536066055298,
                    -0.07499341666698456,
                    -0.04166141897439957
                ],
                [
                    0.0,
                    0.0,
                    0.0,
                    1.0
                ]
            ]
        },
        {
            "file_path": "images/frame_000003.jpg",
            "transform_matrix": [
                [
                    0.9886856079101562,
                    0.03154052793979645,
                    0.14664989709854126,
                    0.10125689953565598
                ],
                [
                    0.14858540892601013,
                    -0.07180704921483994,
                    -0.9862892031669617,
                    -8.78852653503418
                ],
                [
                    -0.02057756297290325,
                    0.9969197511672974,
                    -0.07568106055259705,
                    -0.04995070770382881
                ],
                [
                    0.0,
                    0.0,
                    0.0,
                    1.0
                ]
            ]
        },
        {
            "file_path": "images/frame_000004.jpg",
            "transform_matrix": [
                [
                    0.9915725588798523,
                    0.024248432368040085,
                    0.12726207077503204,
                    0.0743103101849556
                ],
                [
                    0.12867851555347443,
                    -0.0705006942152977,
                    -0.9891770482063293,
                    -8.793794631958008
                ],
                [
                    -0.015013957396149635,
                    0.997217059135437,
                    -0.07302679866552353,
                    -0.05914432182908058
                ],
                [
                    0.0,
                    0.0,
                    0.0,
                    1.0
                ]
            ]
        },
        {
            "file_path": "images/frame_000005.jpg",
            "transform_matrix": [
                [
                    0.991235077381134,
                    0.021990856155753136,
                    0.13026611506938934,
                    0.16161438822746277
                ],
                [
                    0.1315349042415619,
                    -0.07245443016290665,
                    -0.9886599779129028,
                    -8.771259307861328
                ],
                [
                    -0.012303144671022892,
                    0.9971292614936829,
                    -0.07471193373203278,
                    -0.08381310850381851
                ],
                [
                    0.0,
                    0.0,
                    0.0,
                    1.0
                ]
            ]
        },
        {
            "file_path": "images/frame_000006.jpg",
            "transform_matrix": [
                [
                    0.9863360524177551,
                    0.023879768326878548,
                    0.16300567984580994,
                    0.3752305209636688
                ],
                [
                    0.1641894429922104,
                    -0.06125372648239136,
                    -0.984525203704834,
                    -8.64993953704834
                ],
                [
                    -0.013525521382689476,
                    0.9978364109992981,
                    -0.06433756649494171,
                    -0.04721355810761452
                ],
                [
                    0.0,
                    0.0,
                    0.0,
                    1.0
                ]
            ]
        },
        {
            "file_path": "images/frame_000007.jpg",
            "transform_matrix": [
                [
                    0.9763593077659607,
                    0.016920611262321472,
                    0.21549001336097717,
                    0.6301235556602478
                ],
                [
                    0.21612834930419922,
                    -0.061229314655065536,
                    -0.9744431376457214,
                    -8.538782119750977
                ],
                [
                    -0.0032938572112470865,
                    0.9979801774024963,
                    -0.06343883275985718,
                    -0.04541580379009247
                ],
                [
                    0.0,
                    0.0,
                    0.0,
                    1.0
                ]
            ]
        },
        {
            "file_path": "images/frame_000008.jpg",
            "transform_matrix": [
                [
                    0.972535252571106,
                    0.020469430834054947,
                    0.23185430467128754,
                    0.9148575067520142
                ],
                [
                    0.23269325494766235,
                    -0.062365442514419556,
                    -0.9705485701560974,
                    -8.542341232299805
                ],
                [
                    -0.00540689192712307,
                    0.9978433847427368,
                    -0.06541569530963898,
                    -0.04033171385526657
                ],
                [
                    0.0,
                    0.0,
                    0.0,
                    1.0
                ]
            ]
        },
        {
            "file_path": "images/frame_000009.jpg",
            "transform_matrix": [
                [
                    0.9658300876617432,
                    0.039691198617219925,
                    0.256118506193161,
                    1.2485692501068115
                ],
                [
                    0.2582286298274994,
                    -0.06296075135469437,
                    -0.9640300273895264,
                    -8.33495807647705
                ],
                [
                    -0.02213808335363865,
                    0.997226357460022,
                    -0.07105879485607147,
                    -0.045897722244262695
                ],
                [
                    0.0,
                    0.0,
                    0.0,
                    1.0
                ]
            ]
        },
        {
            "file_path": "images/frame_000010.jpg",
            "transform_matrix": [
                [
                    0.957797110080719,
                    0.043677061796188354,
                    0.2841079533100128,
                    1.528002381324768
                ],
                [
                    0.2865425944328308,
                    -0.06679975241422653,
                    -0.9557359218597412,
                    -8.096959114074707
                ],
                [
                    -0.022765398025512695,
                    0.9968100786209106,
                    -0.0764959380030632,
                    -0.053030405193567276
                ],
                [
                    0.0,
                    0.0,
                    0.0,
                    1.0
                ]
            ]
        },
        {
            "file_path": "images/frame_000011.jpg",
            "transform_matrix": [
                [
                    0.9466181397438049,
                    0.043341342359781265,
                    0.3194299042224884,
                    1.8536639213562012
                ],
                [
                    0.321597695350647,
                    -0.05900607258081436,
                    -0.9450361132621765,
                    -8.066581726074219
                ],
                [
                    -0.022110827267169952,
                    0.997316300868988,
                    -0.06979469954967499,
                    -0.0583651103079319
                ],
                [
                    0.0,
                    0.0,
                    0.0,
                    1.0
                ]
            ]
        },
        {
            "file_path": "images/frame_000012.jpg",
            "transform_matrix": [
                [
                    0.9312064051628113,
                    0.03638027608394623,
                    0.3626720905303955,
                    2.089470148086548
                ],
                [
                    0.3642929494380951,
                    -0.05999298393726349,
                    -0.9293500185012817,
                    -7.917481422424316
                ],
                [
                    -0.012052219361066818,
                    0.9975356459617615,
                    -0.0691189169883728,
                    -0.03817035257816315
                ],
                [
                    0.0,
                    0.0,
                    0.0,
                    1.0
                ]
            ]
        },
        {
            "file_path": "images/frame_000013.jpg",
            "transform_matrix": [
                [
                    0.9111553430557251,
                    0.03368830680847168,
                    0.41068321466445923,
                    2.4728848934173584
                ],
                [
                    0.4120132625102997,
                    -0.05903339385986328,
                    -0.9092634916305542,
                    -7.707324028015137
                ],
                [
                    -0.00638752244412899,
                    0.9976872801780701,
                    -0.06766863167285919,
                    -0.026822423562407494
                ],
                [
                    0.0,
                    0.0,
                    0.0,
                    1.0
                ]
            ]
        },
        {
            "file_path": "images/frame_000014.jpg",
            "transform_matrix": [
                [
                    0.9053323268890381,
                    0.029393183067440987,
                    0.42368534207344055,
                    2.6960673332214355
                ],
                [
                    0.42470020055770874,
                    -0.0585622638463974,
                    -0.9034379720687866,
                    -7.659246921539307
                ],
                [
                    -0.001742940628901124,
                    0.9978508949279785,
                    -0.06550160050392151,
                    -0.04778864607214928
                ],
                [
                    0.0,
                    0.0,
                    0.0,
                    1.0
                ]
            ]
        },
        {
            "file_path": "images/frame_000015.jpg",
            "transform_matrix": [
                [
                    0.8877789378166199,
                    0.03348260745406151,
                    0.45905056595802307,
                    2.9832987785339355
                ],
                [
                    0.46022215485572815,
                    -0.05018671602010727,
                    -0.8863841891288757,
                    -7.435707092285156
                ],
                [
                    -0.006640211679041386,
                    0.9981785416603088,
                    -0.059964146465063095,
                    -0.049886178225278854
                ],
                [
                    0.0,
                    0.0,
                    0.0,
                    1.0
                ]
            ]
        },
        {
            "file_path": "images/frame_000016.jpg",
            "transform_matrix": [
                [
                    0.8704987168312073,
                    0.03090723231434822,
                    0.4911990463733673,
                    3.2427120208740234
                ],
                [
                    0.49214643239974976,
                    -0.04475926235318184,
                    -0.8693609833717346,
                    -7.231823444366455
                ],
                [
                    -0.004883828107267618,
                    0.9985195398330688,
                    -0.05417376384139061,
                    -0.07386304438114166
                ],
                [
                    0.0,
                    0.0,
                    0.0,
                    1.0
                ]
            ]
        },
        {
            "file_path": "images/frame_000017.jpg",
            "transform_matrix": [
                [
                    0.8440566062927246,
                    0.02538173831999302,
                    0.5356531143188477,
                    3.4336445331573486
                ],
                [
                    0.5362405776977539,
                    -0.03288547322154045,
                    -0.8434243202209473,
                    -6.95363187789917
                ],
                [
                    -0.0037923718336969614,
                    0.9991369843482971,
                    -0.04136791080236435,
                    -0.060596808791160583
                ],
                [
                    0.0,
                    0.0,
                    0.0,
                    1.0
                ]
            ]
        },
        {
            "file_path": "images/frame_000018.jpg",
            "transform_matrix": [
                [
                    0.8170029520988464,
                    0.026424283161759377,
                    0.5760278105735779,
                    3.651968240737915
                ],
                [
                    0.5765449404716492,
                    -0.019926877692341805,
                    -0.8168224096298218,
                    -6.7844157218933105
                ],
                [
                    -0.010105512104928493,
                    0.9994520545005798,
                    -0.031515106558799744,
                    -0.028264107182621956
                ],
                [
                    0.0,
                    0.0,
                    0.0,
                    1.0
                ]
            ]
        },
        {
            "file_path": "images/frame_000019.jpg",
            "transform_matrix": [
                [
                    0.7855768799781799,
                    0.02086576446890831,
                    0.6184121966362,
                    4.000201225280762
                ],
                [
                    0.6187394261360168,
                    -0.017572414129972458,
                    -0.7853997349739075,
                    -6.63913106918335
                ],
                [
                    -0.00552096962928772,
                    0.9996277689933777,
                    -0.026714952662587166,
                    -0.008751841261982918
                ],
                [
                    0.0,
                    0.0,
                    0.0,
                    1.0
                ]
            ]
        },
        {
            "file_path": "images/frame_000020.jpg",
            "transform_matrix": [
                [
                    0.768714964389801,
                    0.03337275981903076,
                    0.6387201547622681,
                    4.110674858093262
                ],
                [
                    0.639295220375061,
                    -0.009700982831418514,
                    -0.7689002156257629,
                    -6.421154499053955
                ],
                [
                    -0.01946411095559597,
                    0.9993959069252014,
                    -0.028792336583137512,
                    -0.038075465708971024
                ],
                [
                    0.0,
                    0.0,
                    0.0,
                    1.0
                ]
            ]
        },
        {
            "file_path": "images/frame_000021.jpg",
            "transform_matrix": [
                [
                    0.7488600015640259,
                    0.04436187818646431,
                    0.661241888999939,
                    4.239302158355713
                ],
                [
                    0.6620116829872131,
                    -0.003689974080771208,
                    -0.7494844198226929,
                    -6.175868988037109
                ],
                [
                    -0.030808569863438606,
                    0.9990088939666748,
                    -0.03213134780526161,
                    -0.04864131286740303
                ],
                [
                    0.0,
                    0.0,
                    0.0,
                    1.0
                ]
            ]
        },
        {
            "file_path": "images/frame_000022.jpg",
            "transform_matrix": [
                [
                    0.7304276823997498,
                    0.04125935584306717,
                    0.6817429661750793,
                    4.506284713745117
                ],
                [
                    0.6826507449150085,
                    -0.012639257125556469,
                    -0.7306354641914368,
                    -5.857645511627197
                ],
                [
                    -0.0215288195759058,
                    0.9990686178207397,
                    -0.03739778697490692,
                    -0.06571336090564728
                ],
                [
                    0.0,
                    0.0,
                    0.0,
                    1.0
                ]
            ]
        },
        {
            "file_path": "images/frame_000023.jpg",
            "transform_matrix": [
                [
                    0.7117841839790344,
                    0.046553317457437515,
                    0.7008540034294128,
                    4.628847599029541
                ],
                [
                    0.7022297978401184,
                    -0.02531127631664276,
                    -0.7115002870559692,
                    -5.610812664031982
                ],
                [
                    -0.015383190475404263,
                    0.9985950589179993,
                    -0.050707291811704636,
                    -0.08380518108606339
                ],
                [
                    0.0,
                    0.0,
                    0.0,
                    1.0
                ]
            ]
        },
        {
            "file_path": "images/frame_000024.jpg",
            "transform_matrix": [
                [
                    0.6801007986068726,
                    0.050743795931339264,
                    0.7313604950904846,
                    4.827314376831055
                ],
                [
                    0.7329030632972717,
                    -0.022862784564495087,
                    -0.6799489259719849,
                    -5.356112003326416
                ],
                [
                    -0.01778225041925907,
                    0.9984501004219055,
                    -0.05273927375674248,
                    -0.04129648208618164
                ],
                [
                    0.0,
                    0.0,
                    0.0,
                    1.0
                ]
            ]
        },
        {
            "file_path": "images/frame_000025.jpg",
            "transform_matrix": [
                [
                    0.6525245308876038,
                    0.04468221962451935,
                    0.7564494013786316,
                    5.062368392944336
                ],
                [
                    0.7575557827949524,
                    -0.014856911264359951,
                    -0.652601420879364,
                    -5.114353179931641
                ],
                [
                    -0.017921175807714462,
                    0.9988909363746643,
                    -0.04354376345872879,
                    -0.01282468345016241
                ],
                [
                    0.0,
                    0.0,
                    0.0,
                    1.0
                ]
            ]
        },
        {
            "file_path": "images/frame_000026.jpg",
            "transform_matrix": [
                [
                    0.6026679873466492,
                    0.0390799306333065,
                    0.797034502029419,
                    5.218938827514648
                ],
                [
                    0.7978151440620422,
                    -0.008476393297314644,
                    -0.6028426289558411,
                    -4.717473030090332
                ],
                [
                    -0.016803069040179253,
                    0.9992000460624695,
                    -0.036287013441324234,
                    -0.015021695755422115
                ],
                [
                    0.0,
                    0.0,
                    0.0,
                    1.0
                ]
            ]
        },
        {
            "file_path": "images/frame_000027.jpg",
            "transform_matrix": [
                [
                    0.5667238831520081,
                    0.046121757477521896,
                    0.8226158618927002,
                    5.2006940841674805
                ],
                [
                    0.8234948515892029,
                    -0.00010124377149622887,
                    -0.5673236846923828,
                    -4.395689487457275
                ],
                [
                    -0.026082679629325867,
                    0.9989357590675354,
                    -0.03803841024637222,
                    -0.016984252259135246
                ],
                [
                    0.0,
                    0.0,
                    0.0,
                    1.0
                ]
            ]
        },
        {
            "file_path": "images/frame_000028.jpg",
            "transform_matrix": [
                [
                    0.5405133962631226,
                    0.053153786808252335,
                    0.839654803276062,
                    5.278997421264648
                ],
                [
                    0.8410118222236633,
                    -0.006456658709794283,
                    -0.5409782528877258,
                    -4.069305419921875
                ],
                [
                    -0.023333679884672165,
                    0.9985654950141907,
                    -0.04819286987185478,
                    0.016765158623456955
                ],
                [
                    0.0,
                    0.0,
                    0.0,
                    1.0
                ]
            ]
        },
        {
            "file_path": "images/frame_000029.jpg",
            "transform_matrix": [
                [
                    0.5477815866470337,
                    0.060302115976810455,
                    0.8344451785087585,
                    5.396694183349609
                ],
                [
                    0.8363747596740723,
                    -0.015258409082889557,
                    -0.5479456186294556,
                    -3.7926909923553467
                ],
                [
                    -0.020309969782829285,
                    0.9980635643005371,
                    -0.058793433010578156,
                    -0.015218022279441357
                ],
                [
                    0.0,
                    0.0,
                    0.0,
                    1.0
                ]
            ]
        },
        {
            "file_path": "images/frame_000030.jpg",
            "transform_matrix": [
                [
                    0.5359623432159424,
                    0.06903950124979019,
                    0.8414141535758972,
                    5.4819416999816895
                ],
                [
                    0.8437308669090271,
                    -0.009130295366048813,
                    -0.5366888046264648,
                    -3.6041154861450195
                ],
                [
                    -0.02937036007642746,
                    0.9975722432136536,
                    -0.0631442442536354,
                    -0.0018746035639196634
                ],
                [
                    0.0,
                    0.0,
                    0.0,
                    1.0
                ]
            ]
        },
        {
            "file_path": "images/frame_000031.jpg",
            "transform_matrix": [
                [
                    0.5044266581535339,
                    0.0689491555094719,
                    0.860697329044342,
                    5.65420389175415
                ],
                [
                    0.8629388213157654,
                    -0.005808153189718723,
                    -0.5052750706672668,
                    -3.414860486984253
                ],
                [
                    -0.029839221388101578,
                    0.9976033568382263,
                    -0.062428683042526245,
                    0.00899867806583643
                ],
                [
                    0.0,
                    0.0,
                    0.0,
                    1.0
                ]
            ]
        },
        {
            "file_path": "images/frame_000032.jpg",
            "transform_matrix": [
                [
                    0.4434177279472351,
                    0.07063937932252884,
                    0.8935271501541138,
                    5.767292499542236
                ],
                [
                    0.8955796957015991,
                    0.005456678103655577,
                    -0.44486767053604126,
                    -3.0712063312530518
                ],
                [
                    -0.03630086034536362,
                    0.9974871277809143,
                    -0.060843583196401596,
                    0.0036997171118855476
                ],
                [
                    0.0,
                    0.0,
                    0.0,
                    1.0
                ]
            ]
        },
        {
            "file_path": "images/frame_000033.jpg",
            "transform_matrix": [
                [
                    0.39435797929763794,
                    0.06298324465751648,
                    0.9167959094047546,
                    5.84834098815918
                ],
                [
                    0.9184557795524597,
                    0.0059299347922205925,
                    -0.3954792618751526,
                    -2.8839378356933594
                ],
                [
                    -0.030345100909471512,
                    0.9979968667030334,
                    -0.055508799850940704,
                    0.044618215411901474
                ],
                [
                    0.0,
                    0.0,
                    0.0,
                    1.0
                ]
            ]
        },
        {
            "file_path": "images/frame_000034.jpg",
            "transform_matrix": [
                [
                    0.36450088024139404,
                    0.045244358479976654,
                    0.9301032423973083,
                    5.9938201904296875
                ],
                [
                    0.931107223033905,
                    -0.0033791125752031803,
                    -0.36472997069358826,
                    -2.638885736465454
                ],
                [
                    -0.013359048403799534,
                    0.9989702701568604,
                    -0.04335903376340866,
                    0.06931695342063904
                ],
                [
                    0.0,
                    0.0,
                    0.0,
                    1.0
                ]
            ]
        },
        {
            "file_path": "images/frame_000035.jpg",
            "transform_matrix": [
                [
                    0.3330850303173065,
                    0.04740205034613609,
                    0.9417045712471008,
                    5.987031936645508
                ],
                [
                    0.9427919983863831,
                    -0.001852398389019072,
                    -0.333376407623291,
                    -2.422154664993286
                ],
                [
                    -0.014058315195143223,
                    0.9988742470741272,
                    -0.04530727490782738,
                    0.04329632222652435
                ],
                [
                    0.0,
                    0.0,
                    0.0,
                    1.0
                ]
            ]
        },
        {
            "file_path": "images/frame_000036.jpg",
            "transform_matrix": [
                [
                    0.3168404698371887,
                    0.053209658712148666,
                    0.9469849467277527,
                    6.045945167541504
                ],
                [
                    0.9483363628387451,
                    -0.0004662711580749601,
                    -0.31726640462875366,
                    -2.193735122680664
                ],
                [
                    -0.01644008606672287,
                    0.9985832571983337,
                    -0.05060838535428047,
                    0.035826440900564194
                ],
                [
                    0.0,
                    0.0,
                    0.0,
                    1.0
                ]
            ]
        },
        {
            "file_path": "images/frame_000037.jpg",
            "transform_matrix": [
                [
                    0.3024147152900696,
                    0.06086757034063339,
                    0.9512311220169067,
                    6.125855922698975
                ],
                [
                    0.9530572891235352,
                    -0.003525765612721443,
                    -0.3027696907520294,
                    -1.8345892429351807
                ],
                [
                    -0.015075036324560642,
                    0.9981396794319153,
                    -0.059076517820358276,
                    0.02909674122929573
                ],
                [
                    0.0,
                    0.0,
                    0.0,
                    1.0
                ]
            ]
        },
        {
            "file_path": "images/frame_000038.jpg",
            "transform_matrix": [
                [
                    0.2743651270866394,
                    0.0579770989716053,
                    0.9598762392997742,
                    6.195339202880859
                ],
                [
                    0.9616255164146423,
                    -0.016980474814772606,
                    -0.27383947372436523,
                    -1.5529972314834595
                ],
                [
                    0.00042273683357052505,
                    0.9981734752655029,
                    -0.060411110520362854,
                    0.028175726532936096
                ],
                [
                    0.0,
                    0.0,
                    0.0,
                    1.0
                ]
            ]
        },
        {
            "file_path": "images/frame_000039.jpg",
            "transform_matrix": [
                [
                    0.2225598394870758,
                    0.0705762654542923,
                    0.9723610877990723,
                    6.21756649017334
                ],
                [
                    0.9749162197113037,
                    -0.01851632259786129,
                    -0.22180072963237762,
                    -1.2227388620376587
                ],
                [
                    0.0023506844881922007,
                    0.9973345398902893,
                    -0.07292693108320236,
                    0.0053537883795797825
                ],
                [
                    0.0,
                    0.0,
                    0.0,
                    1.0
                ]
            ]
        },
        {
            "file_path": "images/frame_000040.jpg",
            "transform_matrix": [
                [
                    0.1625087708234787,
                    0.06482060998678207,
                    0.9845756888389587,
                    6.271421909332275
                ],
                [
                    0.9865642786026001,
                    -0.027652183547616005,
                    -0.16101649403572083,
                    -0.8841845393180847
                ],
                [
                    0.016788480803370476,
                    0.9975137114524841,
                    -0.0684434249997139,
                    -0.0028021889738738537
                ],
                [
                    0.0,
                    0.0,
                    0.0,
                    1.0
                ]
            ]
        },
        {
            "file_path": "images/frame_000041.jpg",
            "transform_matrix": [
                [
                    0.1040920838713646,
                    0.06716776639223099,
                    0.9922970533370972,
                    6.263622760772705
                ],
                [
                    0.9945365786552429,
                    -0.014925090596079826,
                    -0.10331671684980392,
                    -0.5688952803611755
                ],
                [
                    0.007870570756494999,
                    0.9976299405097961,
                    -0.06835439056158066,
                    0.03177988901734352
                ],
                [
                    0.0,
                    0.0,
                    0.0,
                    1.0
                ]
            ]
        },
        {
            "file_path": "images/frame_000042.jpg",
            "transform_matrix": [
                [
                    0.06318284571170807,
                    0.07189057022333145,
                    0.9954092502593994,
                    6.19244384765625
                ],
                [
                    0.9979862570762634,
                    0.0010469775879755616,
                    -0.06342203915119171,
                    -0.2522399127483368
                ],
                [
                    -0.0056016165763139725,
                    0.9974120259284973,
                    -0.07167963683605194,
                    0.06636792421340942
                ],
                [
                    0.0,
                    0.0,
                    0.0,
                    1.0
                ]
            ]
        },
        {
            "file_path": "images/frame_000043.jpg",
            "transform_matrix": [
                [
                    0.010564213618636131,
                    0.06517507135868073,
                    0.9978179931640625,
                    6.198190212249756
                ],
                [
                    0.9999441504478455,
                    -0.0003932540421374142,
                    -0.010561022907495499,
                    0.023200200870633125
                ],
                [
                    -0.0002959204139187932,
                    0.9978739023208618,
                    -0.06517558544874191,
                    0.08018582314252853
                ],
                [
                    0.0,
                    0.0,
                    0.0,
                    1.0
                ]
            ]
        },
        {
            "file_path": "images/frame_000044.jpg",
            "transform_matrix": [
                [
                    -0.03777876868844032,
                    0.06655984371900558,
                    0.9970670938491821,
                    6.221877098083496
                ],
                [
                    0.9992493987083435,
                    -0.006037675775587559,
                    0.038264527916908264,
                    0.28801000118255615
                ],
                [
                    0.008566847071051598,
                    0.9977642297744751,
                    -0.0662817731499672,
                    0.07559303939342499
                ],
                [
                    0.0,
                    0.0,
                    0.0,
                    1.0
                ]
            ]
        },
        {
            "file_path": "images/frame_000045.jpg",
            "transform_matrix": [
                [
                    -0.09291359037160873,
                    0.07956482470035553,
                    0.9924900531768799,
                    6.171710014343262
                ],
                [
                    0.9956403970718384,
                    0.015638569369912148,
                    0.09195481240749359,
                    0.5115784406661987
                ],
                [
                    -0.008204755373299122,
                    0.996707022190094,
                    -0.08067097514867783,
                    0.06163402646780014
                ],
                [
                    0.0,
                    0.0,
                    0.0,
                    1.0
                ]
            ]
        },
        {
            "file_path": "images/frame_000046.jpg",
            "transform_matrix": [
                [
                    -0.13373097777366638,
                    0.08073387295007706,
                    0.9877235889434814,
                    6.133708477020264
                ],
                [
                    0.9909881353378296,
                    0.018590806052088737,
                    0.1326533854007721,
                    0.7606965899467468
                ],
                [
                    -0.007652956061065197,
                    0.9965623021125793,
                    -0.08249247074127197,
                    0.07774742692708969
                ],
                [
                    0.0,
                    0.0,
                    0.0,
                    1.0
                ]
            ]
        },
        {
            "file_path": "images/frame_000047.jpg",
            "transform_matrix": [
                [
                    -0.1534142792224884,
                    0.07549430429935455,
                    0.985274076461792,
                    6.184982776641846
                ],
                [
                    0.9881153106689453,
                    0.02140761725604534,
